[int_cam02_img]
name = "int_cam02_img"
size = [ 2136.0, 1424.0]
matrix = [ [ 3021.4538878813023, 0.0, 1067.5], [ 0.0, 3044.5082060342424, 711.5], [ 0.0, 0.0, 1.0]]
distortions = [ -0.4711959743071161, 0.8111851967691793, 0.00808457313510895, 0.0007912073434249574]
rotation = [ 0.0, 0.0, 0.0]
translation = [ 0.0, 0.0, 0.0]
fisheye = false

[int_cam03_img]
name = "int_cam03_img"
size = [ 2136.0, 1424.0]
matrix = [ [ 3079.3314914975986, 0.0, 1067.5], [ 0.0, 3060.9651736202327, 711.5], [ 0.0, 0.0, 1.0]]
distortions = [ -0.7907351985342443, 3.381635841400848, -0.0010567224142655936, 0.0007452613523334388]
rotation = [ 0.0, 0.0, 0.0]
translation = [ 0.0, 0.0, 0.0]
fisheye = false

[int_cam01_img]
name = "int_cam01_img"
size = [ 2136.0, 1424.0]
matrix = [ [ 3028.5146444248894, 0.0, 1067.5], [ 0.0, 3049.9163515405185, 711.5], [ 0.0, 0.0, 1.0]]
distortions = [ -0.5206098466355252, 1.2548489441917257, 0.007962378984745102, 0.0009304330391733103]
rotation = [ 0.0, 0.0, 0.0]
translation = [ 0.0, 0.0, 0.0]
fisheye = false

[metadata]
adjusted = false
error = 0.0
